
BL, 7.762319999999999,0.9,0.10614638680295106
BL, 25.894937066168175,0.9988974079869615,3.976078012318101
BL, 39.27835734799475,1.7707686341769855,13.866113130063829
BL, 47.10532377970229,2.2214615567520717,23.931170711266184
BL, 54.789259546428404,2.663193995195654,37.64943352050121
BL, 59.726696891708485,2.947036326053951,48.78472131161611
BL, 66.35895613430242,3.3274443056190828,66.90527078519216
BL, 71.69661356731204,3.6334850964573153,84.37909816766798
BL, 75.84636462266836,3.8714158948838002,99.90295865566229
BL, 80.2631065910395,4.124263065331476,118.40031063214907
BL, 85.22583385452226,4.40791231450173,141.7388985286034
BL, 89.28331370955227,4.639821313989042,162.95987542349266
BL, 92.74496638606203,4.837675262120601,182.6662179295464
BL, 95.92190910370866,5.019191632224931,202.10337283690507
BL, 100.22737701630115,5.2644475657249306,230.54555238833177
BL, 103.93227237229677,5.475492587427899,257.0620001780308
BL, 107.19540481474209,5.661373102520199,282.0429596501125
BL, 110.12372715509015,5.828181552554267,305.8019945371972
BL, 112.7917139376199,5.980160292658496,328.5868190972074
BL, 116.28129418219345,6.178482623988264,360.02978204835057
BL, 119.56389937946649,6.364994282924233,391.38057215115253
BL, 122.53792837591918,6.533973203177226,421.31489317316226
BL, 125.26237390831851,6.688771244790824,450.0482736349881
BL, 127.78192001825528,6.831927273764505,477.76354930583824
BL, 130.1309891768866,6.965397112323101,504.6147726520007
BL, 133.00792167943956,7.1284213861517305,538.8239618799269
BL, 135.89848856430635,7.292100145204209,574.7124168491101
BL, 138.57490592080146,7.443652656897024,609.3351501053486
BL, 141.06971665298641,7.5849216677795255,642.8401133729731
BL, 143.40912487157578,7.717390989330452,675.3585157349806
BL, 145.61444890789676,7.84226777507909,707.0059781371082
BL, 147.70319762320884,7.960543466772867,737.8840544966583
BL, 150.16279238079346,8.099536554533792,775.361425702148
BL, 152.71466760237038,8.243628887767949,815.5556228336205
BL, 155.11591819218992,8.379216159920379,854.627148283665
BL, 157.38496766679845,8.507338659898274,892.6796816502866
BL, 159.53732401502074,8.628872050537591,929.8077714467779
BL, 161.58613409234647,8.744558672633904,966.0973439634795
BL, 163.54259930127031,8.855031016446658,1001.6260339337484
BL, 165.4163361552228,8.960832081040248,1036.4641601345766
BL, 167.57581526556453,9.082488197274312,1077.5872232734037
BL, 169.84692487237618,9.210294027708283,1121.9844126061396
BL, 172.00970701114178,9.33200377102655,1165.3844382007903
BL, 174.07497169176486,9.448225756430212,1207.8613189366959
BL, 176.0521708311183,9.559491886950946,1249.4848008995432
BL, 177.94970348078795,9.666274816026332,1290.3217861690507
BL, 179.77483025756555,9.768983132108358,1330.4328910315228
BL, 181.5339867815479,9.867978997273376,1369.871875167612
BL, 183.23312723150516,9.963597480669959,1408.694248860878
BL, 185.16912175190376,10.072341287985621,1453.784623410764
BL, 187.2120459305864,10.186983497788239,1502.3636116711868
BL, 189.17694601712364,10.297247251241506,1550.055887772882
BL, 191.080659098158,10.404077390469023,1597.132698700659
BL, 192.93228092621936,10.507984339294016,1643.6707697037646
BL, 194.74055854296552,10.60945895302837,1689.6355932112879
BL, 196.5221314332462,10.70943498503065,1735.2698995119226
BL, 198.3105671991337,10.809796139120857,1780.672728708645
BL, 199.90043787925828,10.899014471338848,1820.2605108272423
BL, 200.98393211803617,10.959816617173747,1846.3578462416758
BL, 201.61859335392438,10.99543172580945,1860.0670675394151
BL, 202.05751512467606,11.020006442343373,1868.3947672824447
BL, 202.84635076862668,11.06414945543518,1885.664294285218
BL, 203.110183659412,11.078913467230667,1888.376867424852
 7
 ConvRegTh:, 2439.3370044869844
 Vrms:, 3.4580694124357996e-10