
BL, 3.8786400000000003,0.9,0.058507433332942164
BL, 11.017893396825437,0.7770164010500427,1.3470908159235562
BL, 12.963139497010964,1.0023298816532815,2.2004909915733415
BL, 17.54186737840775,1.532030006757028,5.449543192307862
BL, 19.64542016912704,1.7753841010096068,7.654299310780046
BL, 21.1474600051703,1.949150856683283,9.551568196713951
BL, 23.619988127388886,2.234783246031746,13.30973086587636
BL, 25.80188501810617,2.4867634851722102,17.34726146058842
BL, 27.429613195645246,2.674744565844237,20.841345511552504
BL, 28.75350017184437,2.827636005525392,24.008714725360086
BL, 29.891001356272522,2.9590023508803007,26.976316615475373
BL, 31.58698027219592,3.1546868464870137,31.833834913373018
BL, 33.283456101263894,3.3503813705460717,37.241100177628574
BL, 34.701056505010655,3.5139066218722643,42.203764525413206
BL, 35.92487746376299,3.6550787246237157,46.82823265906902
BL, 37.0083672358097,3.7800631255980743,51.19561119214075
BL, 37.98667592126268,3.892914513930405,55.366791580309254
BL, 38.8838229600096,3.996403617488707,59.387546722077495
BL, 40.32220376681112,4.1621015743360354,66.22233160035896
BL, 41.61156076600442,4.31062789609543,72.77797072104217
BL, 42.76512707969862,4.4435119317703755,78.99847569196085
BL, 43.81091641090334,4.563980694724495,84.93625282562803
BL, 44.769692884121184,4.674426089634971,90.6358819911165
BL, 45.65714825621842,4.7766557143437876,96.13483599140427
BL, 46.485347028076674,4.872059328196829,101.46446800795924
BL, 47.26370898204885,4.9617220345638575,106.65099475116313
BL, 48.24740815298842,5.074891716830125,113.4502460133467
BL, 49.34494445819164,5.2010743226249305,121.36733945316153
BL, 50.35808570838257,5.317554116852445,128.9954271884554
BL, 51.29965756575665,5.42580565253583,136.36577546693286
BL, 52.18000824687997,5.527018653354792,143.50669980255253
BL, 53.00757085829674,5.622162664784633,150.44356713134047
BL, 53.789281171988804,5.71203508530568,157.19895764182723
BL, 54.53089195743434,5.797297304832645,163.7928987586234
BL, 55.237212262985615,5.878502214645392,170.24312275948884
BL, 55.91229154344154,5.956115376344165,176.5653219611268
BL, 56.69413307561865,6.045944778461208,184.0777051159752
BL, 57.61719610179107,6.1519343325055775,193.21318391758905
BL, 58.48823772132713,6.251950593791151,202.1067808895649
BL, 59.31316284770557,6.346671586600709,210.77772826187513
BL, 60.09701468481033,6.43667639049378,219.24397473386415
BL, 60.84412392622649,6.522462271928636,227.52215461925377
BL, 61.558228439038544,6.604458426804288,235.62761008363233
BL, 62.242569938102086,6.683037080962462,243.5744450702797
BL, 62.89997261536189,6.758522518700412,251.37559720997464
BL, 63.532907454842814,6.831198467659067,259.0429180376169
BL, 64.14354518402651,6.9013141788984385,266.5872561163515
BL, 64.73380008607666,6.969089457581427,274.018538978833
BL, 65.43467752090221,7.049504302855757,283.016134193283
BL, 66.21733543364557,7.139258650647427,293.290573762748
BL, 66.9669730272725,7.225226264595471,303.3622086401757
BL, 67.68645323783083,7.307735463053995,313.2434310936052
BL, 68.3783169286044,7.38707762942711,322.9459958289018
BL, 69.04482618433232,7.463512177102331,332.48100721713325
BL, 69.68800092585248,7.537270748377578,341.8589230697163
BL, 70.30964997264203,7.608560776679132,351.0895692884476
BL, 70.91139753380122,7.677568524518488,360.182162291907
BL, 71.49470584861118,7.744461679886603,369.14533581102637
BL, 72.0608946262981,7.809391585584644,377.9871704755206
BL, 72.61115780236297,7.872495160821442,386.71522491678445
BL, 73.14657800501429,7.933896560208062,395.3365668988556
BL, 73.668139096296,7.9937086119605505,403.85780404956915
BL, 74.34382121376227,8.071056565613171,415.0701992008264
BL, 75.01668126224209,8.14806927575164,426.43963689149587
BL, 75.6677567660264,8.2225886192087,437.6371485341692
BL, 76.29852447104166,8.294783618065887,448.6710690364462
BL, 76.91033029219233,8.364808320040325,459.54938631080427
BL, 77.50440320570414,8.432803388543451,470.2797369769682
BL, 78.08186747396819,8.49889750188488,480.8694080359838
BL, 78.6437534235045,8.56320858687244,491.32534298673295
BL, 79.19100683667072,8.625844893747365,501.6541487010259
BL, 79.72449741342315,8.686905964681602,511.86210747488184
BL, 80.24502609557139,8.746483472080966,521.9551872147629
BL, 80.75333166358149,8.804661973627274,531.9390544191534
BL, 81.25009655971567,8.861519578770249,541.8190868349427
BL, 81.73595213940793,8.91712854977772,551.6003875400445
BL, 82.2114832807518,8.971555829318051,561.2877975180337
BL, 82.74835065750042,9.032961895004622,572.3566865968209
BL, 83.35105195287237,9.101857790680427,584.9512938224658
BL, 83.93794804803557,9.16894696479602,597.3921707433042
BL, 84.50991077394515,9.234329077954406,609.6853326774993
BL, 85.06774890604483,9.298096582766899,621.836596784375
BL, 85.61221356275153,9.360335340963823,633.8515772960441
BL, 86.14400328131332,9.421125203625209,645.7356873832064
BL, 86.66376833250929,9.480540504402068,657.4941374049645
BL, 87.17211489823679,9.538650537064106,669.1319410954626
BL, 87.66960852564333,9.595519950347889,680.6539150820864
BL, 88.15677760026355,9.651209144977544,692.0646879188622
BL, 88.63411611145489,9.705774589786795,703.3686999019039
BL, 89.10208655227312,9.75926915320909,714.5702139028602
BL, 89.56112216376509,9.811742359826829,725.6733158653667
BL, 90.0116294467855,9.863240677501771,736.6819272963824
BL, 90.45398991572563,9.913807717847009,747.5998056418674
BL, 90.8885620948762,9.963484464434867,758.4305529049574
BL, 91.34727507539715,10.015900796369122,769.9742435362259
BL, 91.88865336416093,10.077709026619583,783.7423330197474
BL, 92.41841092877029,10.138190538733905,797.3730952050488
BL, 92.93707621742972,10.197405664736811,810.8709674486457
BL, 93.44514585087366,10.255411102965368,824.2402628028807
BL, 93.94308684961412,10.312260172350053,837.4851635260026
BL, 94.43133938258484,10.368003126222725,850.609739094939
BL, 94.91031812590312,10.422687307444129,863.6179313910413
BL, 95.38041438753619,10.476357390973421,876.5135650748684
BL, 95.84199723299989,10.529055512387247,889.300336503427
BL, 96.29541592393186,10.580821546287458,901.9818388232761
BL, 96.74099995773261,10.631693110826877,914.5615313701837
BL, 97.17906098989867,10.681705787178752,927.0427574270483
BL, 97.6098951040407,10.730893378700845,939.4287781607288
BL, 98.03378095047619,10.779287698421758,951.7226959197825
BL, 98.4509844521419,10.826919106306873,963.9275567338262
BL, 98.86175836290239,10.87381645883119,976.0463147964745
BL, 99.26634027448448,10.920006881434466,988.0817560334542
BL, 99.66495581358598,10.965516133529624,1000.036583682763
BL, 100.08188591694547,11.013095396893362,1012.6419347270975
BL, 100.57059712623611,11.068801678586128,1027.5457638854039
BL, 101.05061600294624,11.123517155242931,1042.326417914165
BL, 101.52227443443432,11.17727965740731,1056.9873018912199
BL, 101.98588419212082,11.230124722685607,1071.5316212222488
BL, 102.4417450241371,11.28208651819641,1085.9626180173234
BL, 102.89013508835826,11.333196750069334,1100.283254148521
BL, 103.33132735705719,11.383486533347451,1114.4966518941085
BL, 103.76557899565631,11.432985181312699,1128.605778798524
BL, 104.19312882646514,11.481719916387227,1142.6133346047875
BL, 104.6142221597053,11.529718700524942,1156.5224991008934
BL, 105.02906773555793,11.577005327203684,1170.335561261431
BL, 105.43789008829569,11.623605390208104,1184.0555520974656
BL, 105.84087959017525,11.669540589328081,1197.6846759523978
BL, 106.23823467708834,11.714833543495764,1211.2255779321956
BL, 106.63014710806365,11.759506110573767,1224.6809007687382
BL, 107.01676845653728,11.803575567825975,1238.0522723141644
BL, 107.39828904682464,11.847063609577642,1251.3425601028182
BL, 107.77487282233822,11.88998892309794,1264.554078042382
BL, 108.14662577471368,11.932363589959385,1277.6873217613409
BL, 108.51380662714547,11.97421710100826,1290.7480146053665
BL, 108.90960248602198,12.01929493583868,1304.9229891257116
BL, 109.3537558180898,12.069824325152423,1320.9485508379553
BL, 109.7913191649998,12.119604000568806,1336.8638937554492
BL, 110.22245898389318,12.168652899191487,1352.6698307523395
BL, 110.64737173207996,12.216993371112624,1368.368586824881
BL, 111.0663199390031,12.264655283163037,1383.9651816544667
BL, 111.47942668885389,12.311652638094868,1399.4592078716935
BL, 111.88705428149075,12.358026653184385,1414.8596451027317
BL, 112.28929799401895,12.403788167692714,1430.1654884056463
BL, 112.68610856466861,12.448931577322936,1445.371320303681
BL, 113.0778921545441,12.493503089254165,1460.4876577577022
BL, 113.46475128296822,12.537514366663052,1475.5144505360824
BL, 113.84652413905863,12.58094700103056,1490.4428306582497
BL, 114.22398041449165,12.623888556824989,1505.2986221187132
BL, 114.59695097204343,12.666319792041346,1520.0702642124422
BL, 114.96537757118517,12.708234080908438,1534.7518474976223
BL, 115.32997932250183,12.74971323350419,1549.3654394710566
BL, 115.69074608848142,12.790756096528035,1563.9106664822345
BL, 116.04737077160101,12.831327732832879,1578.370213861864
BL, 116.40074307217104,12.87152935974642,1592.765298507669
BL, 116.74901337192624,12.911150554257821,1607.0351062193977
BL, 117.0949717874156,12.950508735769693,1621.2646666649002
BL, 117.43645966712917,12.98935832390548,1635.3806695994376
BL, 117.82945111150674,13.033989910500198,1651.7136900815847
BL, 118.23868675589696,13.08044117547071,1668.8401730317596
BL, 118.64693102669543,13.126779912224226,1685.9876934843983
BL, 119.05025406546608,13.172560052833834,1703.0018437805275
BL, 119.44978300197201,13.217909534843587,1719.9068821491878
BL, 119.8460241640471,13.262885830198309,1736.7329141779728
BL, 120.247975584009,13.30851028195335,1753.814700439822
BL, 120.63837325664872,13.352823298144008,1770.4166285602753
BL, 121.02657484759142,13.396887042859412,1786.9776765069228
BL, 121.41815428045676,13.441334197554683,1803.614526574268
BL, 121.7978327493972,13.484430505039409,1819.6696241539184
BL, 122.1721252839994,13.526915469239432,1835.3586372150028
BL, 122.54721410146385,13.569490817419279,1851.0547493366332
BL, 122.93032310018347,13.61297651534432,1866.9682849516369
BL, 123.30718038126939,13.655752597192894,1882.3803170575397
BL, 123.66533774376612,13.696406100313974,1896.6307834490428
BL, 123.93067502248319,13.726523839101382,1906.9625857715068
BL, 124.16454637548537,13.753069963165196,1915.763407068342
BL, 124.34954548821314,13.77406872737947,1922.4198868591602
BL, 124.54351696144202,13.796085920708515,1928.975136605185
BL, 124.80497597404616,13.825763447678337,1938.7465101760417
BL, 124.8503402884139,13.83091263205606,1938.9395376521763
BL, 125.0162420263094,13.849743703326832,1944.0029818240098
BL, 125.02065845476326,13.850245000540665,1941.8377488800918
BL, 125.06290467138538,13.855040257818999,1940.053145255269
 4
 ConvRegTh:, 2592.626874163852
 Vrms:, 1.0176542890707653e-09