
BL, 3.8786400000000003,0.9,0.6976301140795885
BL, 11.01789339683316,0.7770164010509371,16.041453020098924
BL, 12.963139495297021,1.0023298814550001,26.181013374379642
BL, 17.541867376913473,1.5320300065841592,64.8489408820726
BL, 19.6454201672195,1.7753841007889286,91.08595205641026
BL, 21.147460002937855,1.949150856425018,113.64957210446968
BL, 23.619988124370018,2.2347832456831065,158.36293842683594
BL, 25.80188501453857,2.4867634847602,206.41016239965475
BL, 27.429613195494383,2.6747445658268143,247.98694280986282
BL, 28.753500172307263,2.8276360055788503,285.6689625586377
BL, 29.891001358035833,2.9590023510839396,320.9650252025701
BL, 31.586980276239405,3.154686846953444,378.75907265779654
BL, 33.28345611095784,3.350381371664303,443.1030071145537
BL, 34.70105652276677,3.513906623920495,502.15474681757786
BL, 35.92487749318872,3.655078728018078,557.1786942451472
BL, 37.00836727527969,3.7800631301510768,609.1386827970172
BL, 37.98667598383953,3.8929145211488674,658.7583531020699
BL, 38.883823040840156,3.9964036268127994,706.5817086894732
BL, 40.3222040059105,4.162101601878874,787.9097338699438
BL, 41.611561183741394,4.3106279442162645,865.916511401411
BL, 42.76512779250319,4.443512013881257,939.9339075726839
BL, 43.81091762882418,4.563980835021793,1010.5846441838596
BL, 44.769695219011965,4.674426358600618,1078.3984868887287
BL, 45.657152830063836,4.776656241223803,1143.8207692023925
BL, 46.48535616722305,4.872060380972591,1207.2241641410208
BL, 47.26372666635445,4.961724071691562,1268.9203555925428
BL, 48.247464349284044,5.074898177659697,1349.81811542513
BL, 49.34504949361258,5.201086398437869,1444.0278773584903
BL, 50.358277573467404,5.317576175381399,1534.800817801449
BL, 51.299997924996795,5.425844783283145,1622.5104107497239
BL, 52.18064484580939,5.527091842470613,1707.500557129632
BL, 53.00868817130758,5.622291121097676,1790.0748334656655
BL, 53.79135305243651,5.712273287242644,1870.5284944029809
BL, 54.53491187732182,5.797759470834884,1949.1391286075122
BL, 55.24437621856359,5.879325847156081,2026.1243750500578
BL, 55.92570989918659,5.957658070727362,2101.8154220626893
BL, 56.73166337321947,6.0502541478033605,2193.4958257466674
BL, 57.68058055383588,6.1592123726990335,2304.365394373897
BL, 58.61900897559578,6.266966239016624,2416.2863377477884
BL, 59.50860353347669,6.369112818173923,2522.7814057550595
BL, 59.93747292889677,6.418357208508069,2572.5246745511668
BL, 60.20096294015106,6.448612118515451,2601.7967092261188
BL, 60.402675603520926,6.471773522048562,2622.9991211101965
BL, 60.47181261490534,6.479712092651894,2627.0920041267495
 15
 ConvRegTh:, 2676.276821028202
 Vrms:, 6.7399063662420654e-09