
BL, 3.8786400000000003,0.9,1.9826007560037346
BL, 11.017893397879096,0.7770164011720869,45.56706826380753
BL, 12.963139518043478,1.0023298840864736,74.34625858881758
BL, 17.541867394173053,1.5320300085808718,184.1630218394597
BL, 19.645420186984623,1.7753841030755,258.67358910740234
BL, 21.147460020573092,1.9491508584651887,322.7377593278356
BL, 23.619988158281945,2.2347832495994857,449.70983006902753
BL, 25.801885033774163,2.486763486981656,586.1591174992049
BL, 27.42961320247964,2.6747445666335192,704.2296348088685
BL, 28.753500190398274,2.8276360076681226,811.2325829585565
BL, 29.891001436419064,2.959002360136166,911.4509054599474
BL, 31.586980904829915,3.1546869194635963,1075.569016885169
BL, 33.28345775416563,3.350381561214169,1258.2960523960028
BL, 34.70106085379696,3.51390712352024,1425.992566393653
BL, 35.924889872893935,3.6550801560611297,1582.2478864555046
BL, 37.00840438815944,3.780067411253829,1729.799138278296
BL, 37.98679478391006,3.8929282251597717,1870.7053322902138
BL, 38.88416798832443,3.9964434177326598,2006.5213258052318
BL, 40.32396563743094,4.162304531440035,2237.686496539863
BL, 41.61693571819625,4.311247058886793,2459.763561482062
BL, 42.78089043274919,4.4453277770705215,2671.5917125749716
BL, 43.859479589004884,4.569574886419178,2877.5946570003216
BL, 44.48327281609764,4.64143218708647,2999.742040654138
BL, 44.77080628174141,4.67455434647407,3056.017094220171
BL, 44.96439316352621,4.6968544134922485,3093.252564894195
BL, 45.09961405389546,4.712431062538355,3118.7776241333318
BL, 45.20493929420105,4.724563909019819,3138.0776935785816
BL, 45.28768066667277,4.734095227125075,3153.0505142829174
BL, 45.34814208896952,4.741060026375938,3163.920997468137
BL, 45.396569767756745,4.7466386093487785,3171.4036286379323
BL, 45.43428925361409,4.750983671652355,3177.8897226312106
BL, 45.47490299327782,4.755662134924298,3185.2536469490624
BL, 45.49555004745315,4.758040553790249,3188.1346710803596
BL, 45.51061377402871,4.759775806246828,3190.4549442259977
BL, 45.5366170115996,4.762771225849511,3195.284935645523
BL, 45.55514449537557,4.764905482706552,3197.7067558770354
 16
 ConvRegTh:, 2695.6178410156886
 Vrms:, 1.4170112098161983e-08