
 snippet:0: 36->86
[0,1,[433.93602597533766],[352.51687821753166],[151],[4032.3919749917545, 9334.234814566376]]
[0,2,[319.84926932069726, 1396.543035248866],[59.90761495914043, 325.67800377863324],[135, 16],[4032.3919749917545, 9334.234814566376]]
[0,3,[319.84926932069726, 1328.8375170860456, 2412.125807691173],[59.90761495914043, 199.48093790246784, 0.0],[135, 15, 1],[4032.3919749917545, 9334.234814566376]]
[0,4,[314.1348164798279, 952.1374136748275, 1419.950821883522, 2412.125807691173],[37.91261321925228, 187.08455043641212, 146.3337963703886, 0.0],[133, 6, 11, 1],[4032.3919749917545, 9334.234814566376]]
[0,5,[312.0768074878464, 661.8375899661369, 1173.326100243835, 1506.5648506200002, 2412.125807691173],[29.74805951368363, 54.31143760091001, 109.98953025083391, 110.53677664439432, 0.0],[132, 3, 8, 7, 1],[4032.3919749917545, 9334.234814566376]]

 snippet:1: 86->136
[1,1,[302.79292613148374],[75.60061085780802],[223],[9334.234814566376, 14934.902458260227]]
[1,2,[152.5465759158267, 328.8883448531505],[52.567879424119326, 40.32949395875411],[33, 190],[9334.234814566376, 14934.902458260227]]
[1,3,[150.00793828111313, 313.9868001361904, 424.0303871887058],[51.35234326361818, 13.834223487467666, 30.425269820469484],[32, 166, 25],[9334.234814566376, 14934.902458260227]]
[1,4,[99.51751788688725, 194.39285384046258, 314.8839056120583, 424.0303871887058],[29.803493620110455, 25.786206498192616, 11.242045665748794, 30.425269820469484],[14, 20, 164, 25],[9334.234814566376, 14934.902458260227]]
[1,5,[99.51751788688725, 194.39285384046258, 313.6625665976222, 371.5594954998827, 439.4810091708161],[29.803493620110455, 25.786206498192616, 8.961045897851971, 17.15699154692617, 19.95906914221573],[14, 20, 159, 12, 18],[9334.234814566376, 14934.902458260227]]

 snippet:2: 136->186
[2,1,[309.4378440290793],[95.07110156110532],[218],[14934.902458260227, 20528.281692097513]]
[2,2,[273.0818992077848, 457.3980845808593],[59.43429560582377, 64.61816845731586],[175, 43],[14934.902458260227, 20528.281692097513]]
[2,3,[183.19550129050847, 305.07688238957365, 468.0134356704166],[52.54994105479029, 21.892097237520904, 61.244617573232716],[43, 137, 38],[14934.902458260227, 20528.281692097513]]
[2,4,[183.19550129050847, 301.4795172614209, 405.54407707123346, 512.4552136040937],[52.54994105479029, 15.719226130774178, 26.274395496313893, 51.72505078757915],[43, 130, 25, 20],[14934.902458260227, 20528.281692097513]]
[2,5,[107.85738168369059, 213.66070272469562, 301.84738552001573, 405.54407707123346, 512.4552136040937],[34.42927881686966, 19.14295548861575, 15.212396616573779, 26.274395496313893, 51.72505078757915],[12, 32, 129, 25, 20],[14934.902458260227, 20528.281692097513]]

 snippet:3: 186->234
[3,1,[343.72196781178815],[132.90175102712732],[116],[20528.281692097513, 25891.917571760416]]
[3,2,[310.27045051327946, 698.3080511759802],[47.055867439405276, 209.34546215389682],[106, 10],[20528.281692097513, 25891.917571760416]]
[3,3,[307.4518946534363, 544.4355138145331, 998.9438659597507],[42.69459496128947, 63.76467145244366, 108.61482856368183],[104, 9, 3],[20528.281692097513, 25891.917571760416]]
[3,4,[279.1301504740099, 343.65523824101956, 558.6308319625839, 998.9438659597507],[37.39730450728179, 18.515445715825823, 52.54152143969982, 108.61482856368183],[57, 48, 8, 3],[20528.281692097513, 25891.917571760416]]
[3,5,[147.45277163292295, 289.51729084466297, 344.3005366051917, 558.6308319625839, 998.9438659597507],[5.700214349166725, 10.161014445524746, 18.169428456504157, 52.54152143969982, 108.61482856368183],[4, 54, 47, 8, 3],[20528.281692097513, 25891.917571760416]]
