
 snippet:0: 10->60
[0,1,[224.1279011906977],[152.15974002123312],[251],[1064.8683687828914, 3244.2930483273544]]
[0,2,[187.60368901241512, 798.7755061290109],[26.08702009269589, 159.70122018969673],[236, 15],[1064.8683687828914, 3244.2930483273544]]
[0,3,[186.5166398198317, 582.3057655321902, 893.0858248011534],[20.113502362342597, 73.86796019040376, 103.08367136113465],[235, 6, 10],[1064.8683687828914, 3244.2930483273544]]
[0,4,[186.5166398198317, 582.3057655321902, 834.3853182733869, 1030.0536733659414],[20.113502362342597, 73.86796019040376, 40.47458716109467, 69.26823871530635],[235, 6, 7, 3],[1064.8683687828914, 3244.2930483273544]]
[0,5,[179.37976532198903, 214.32071338434397, 582.3057655321902, 834.3853182733869, 1030.0536733659414],[10.67415057621791, 23.77481414076862, 73.86796019040376, 40.47458716109467, 69.26823871530635],[187, 48, 6, 7, 3],[1064.8683687828914, 3244.2930483273544]]

 snippet:1: 60->110
[1,1,[178.17190303605608],[18.585686980599764],[241],[3244.2930483273544, 5436.519978228569]]
[1,2,[172.58217254930116, 199.52467349545984],[12.504893970285574, 22.188337068071394],[191, 50],[3244.2930483273544, 5436.519978228569]]
[1,3,[71.1319709229516, 177.19568271906053, 241.10947128879576],[7.087665462692101, 9.887315966296851, 37.03931175204102],[2, 232, 7],[3244.2930483273544, 5436.519978228569]]
[1,4,[71.1319709229516, 173.02009955239004, 194.8822174896407, 328.5160380769923],[7.087665462692101, 6.514400486215948, 12.217780219910187, 0.0],[2, 179, 59, 1],[3244.2930483273544, 5436.519978228569]]
[1,5,[71.1319709229516, 171.5274273712894, 188.17344307613624, 226.54171015742963, 328.5160380769923],[7.087665462692101, 5.835945442817151, 6.196197849419166, 10.724958441811344, 0.0],[2, 153, 79, 6, 1],[3244.2930483273544, 5436.519978228569]]

 snippet:2: 110->160
[2,1,[189.01977553906565],[57.37295558914691],[238],[5436.519978228569, 7371.117464069406]]
[2,2,[183.90642009718033, 589.5659518200827],[33.577886354689525, 101.65549127664998],[235, 3],[5436.519978228569, 7371.117464069406]]
[2,3,[172.46149261604452, 235.00935210597277, 589.5659518200827],[19.948108924092008, 34.47621533830149, 101.65549127664998],[192, 43, 3],[5436.519978228569, 7371.117464069406]]
[2,4,[168.61547758979486, 213.90604508397115, 356.4218136250014, 655.2676499042728],[18.696078018759287, 18.603570992991983, 52.02577755096424, 50.503653002603414],[166, 65, 5, 2],[5436.519978228569, 7371.117464069406]]
[2,5,[106.48717858664433, 173.87056343273278, 218.80157345230194, 356.4218136250014, 655.2676499042728],[32.18270735247627, 10.138630399017785, 17.77252712752878, 52.02577755096424, 50.503653002603414],[9, 169, 53, 5, 2],[5436.519978228569, 7371.117464069406]]

 snippet:3: 160->210
[3,1,[195.7148598512479],[60.697143576831245],[205],[7371.117464069406, 9236.950387350464]]
[3,2,[179.1493133088656, 348.946165368284],[30.528897413224602, 55.8851437324091],[185, 20],[7371.117464069406, 9236.950387350464]]
[3,3,[159.99228580578773, 200.7284937146315, 348.946165368284],[25.869817113233058, 18.930580605054036, 55.8851437324091],[95, 90, 20],[7371.117464069406, 9236.950387350464]]
[3,4,[91.95558333068301, 181.5088272771296, 304.0729868681723, 434.89536355541316],[32.74414740712392, 19.38637587404368, 35.84922474926075, 25.92043173479316],[9, 171, 20, 5],[7371.117464069406, 9236.950387350464]]
[3,5,[81.24356824257883, 170.80778061218516, 208.88029000645056, 320.29643263924095, 434.89536355541316],[29.337326722044544, 13.05001198172899, 18.679658215148628, 25.632285327316026, 25.92043173479316],[7, 121, 57, 15, 5],[7371.117464069406, 9236.950387350464]]

 snippet:4: 210->234
[4,1,[197.5022731713297],[56.6237302403364],[96],[9236.950387350464, 10143.882083415407]]
[4,2,[175.89977920747762, 305.51474299059015],[26.21545746794764, 42.4405177037874],[80, 16],[9236.950387350464, 10143.882083415407]]
[4,3,[154.35198402566922, 194.71760938510428, 309.4169584795912],[22.184492171316943, 14.655386780415693, 40.95901375279431],[36, 45, 15],[9236.950387350464, 10143.882083415407]]
[4,4,[154.35198402566922, 193.52979344713907, 281.1715698600695, 359.06972387773556],[22.184492171316943, 12.496836876915648, 20.89546874526503, 25.12832340097512],[36, 44, 11, 5],[9236.950387350464, 10143.882083415407]]
[4,5,[42.67977874010299, 158.51287792567123, 194.38871606210168, 281.1715698600695, 359.06972387773556],[0.0, 12.19247466139528, 12.139650329110578, 20.89546874526503, 25.12832340097512],[1, 37, 42, 11, 5],[9236.950387350464, 10143.882083415407]]
