
 snippet:0: 7->57
[0,1,[187.42832892958214],[120.8233954427929],[293],[365.339466245029, 630.3206976389862]]
[0,2,[148.5627940591187, 504.42534771679976],[33.25530902488734, 108.80315573127929],[261, 32],[365.339466245029, 630.3206976389862]]
[0,3,[143.50277817890944, 348.7121802968512, 572.4696266649328],[21.55873755952029, 69.92194276774715, 88.47605044567453],[251, 23, 19],[365.339466245029, 630.3206976389862]]
[0,4,[140.99383933251605, 260.18863034992535, 458.5071910999821, 646.9526442742259],[16.604143433631588, 42.44903846745449, 49.78261494600913, 73.61441809725153],[243, 20, 21, 9],[365.339466245029, 630.3206976389862]]
[0,5,[140.99383933251605, 250.74368286825398, 413.52693591750165, 537.5932155520843, 697.5177003100114],[16.604143433631588, 33.15904112113987, 37.13054840859581, 36.15595799711149, 61.4661837115552],[243, 18, 15, 12, 5],[365.339466245029, 630.3206976389862]]

 snippet:1: 57->107
[1,1,[125.24343231229933],[22.02327734526222],[322],[630.3206976389862, 1008.113838117192]]
[1,2,[120.44914304294133, 190.62010416718118],[12.034175124781857, 23.165011662145922],[300, 22],[630.3206976389862, 1008.113838117192]]
[1,3,[112.45211926270191, 131.0498489841889, 190.62010416718118],[7.877715714009656, 7.575048185909526, 23.165011662145922],[171, 129, 22],[630.3206976389862, 1008.113838117192]]
[1,4,[104.55651974502713, 120.79579561940513, 139.8772720591639, 196.4560643416683],[7.354306014627632, 4.763614717449347, 9.067575932542967, 21.64405793845235],[65, 180, 59, 18],[630.3206976389862, 1008.113838117192]]
[1,5,[104.30506929149693, 120.1379022838812, 136.6657917723395, 175.7428463783233, 216.65530529768245],[7.331297085570331, 4.399124145828764, 6.694711992023013, 8.104409557661466, 17.192795377695123],[63, 171, 66, 14, 8],[630.3206976389862, 1008.113838117192]]

 snippet:2: 107->157
[2,1,[128.43987733392686],[30.756448726590968],[293],[1008.113838117192, 1369.5555895258833]]
[2,2,[121.52706457058021, 228.12991402639952],[9.727544826853915, 50.94948212206571],[274, 19],[1008.113838117192, 1369.5555895258833]]
[2,3,[120.86535655429405, 186.58907393871604, 287.68751516595944],[8.082332258352073, 16.455419920848488, 33.985887238479286],[270, 16, 7],[1008.113838117192, 1369.5555895258833]]
[2,4,[115.3586190996057, 128.514584140515, 188.7195821293484, 287.68751516595944],[4.837964319934954, 5.618823677640117, 14.704008252307567, 33.985887238479286],[155, 116, 15, 7],[1008.113838117192, 1369.5555895258833]]
[2,5,[115.3586190996057, 128.514584140515, 188.7195821293484, 259.58589653598926, 325.1563400059198],[4.837964319934954, 5.618823677640117, 14.704008252307567, 10.503793198520842, 9.546773456988712],[155, 116, 15, 4, 3],[1008.113838117192, 1369.5555895258833]]

 snippet:3: 157->207
[3,1,[131.7170891433604],[26.52518720444724],[212],[1369.5555895258833, 1684.6367164991093]]
[3,2,[124.16394315447597, 204.22729063665085],[10.270212494049371, 25.29853151920803],[192, 20],[1369.5555895258833, 1684.6367164991093]]
[3,3,[114.30538766650281, 130.48353000574082, 204.22729063665085],[6.595667936536884, 6.554791166553954, 25.29853151920803],[75, 117, 20],[1369.5555895258833, 1684.6367164991093]]
[3,4,[114.82545550745473, 130.83429147377686, 183.90248929499774, 229.06871449867134],[6.676997054154995, 6.4953480985774945, 9.48822533110158, 13.79244245757057],[79, 113, 11, 9],[1369.5555895258833, 1684.6367164991093]]
[3,5,[110.36144453026563, 124.64838370481392, 138.03870215519487, 183.90248929499774, 229.06871449867134],[5.93569196300689, 3.6721078804461715, 5.331503155610194, 9.48822533110158, 13.79244245757057],[44, 108, 40, 11, 9],[1369.5555895258833, 1684.6367164991093]]

 snippet:4: 207->234
[4,1,[134.27742502858138],[29.015250742193338],[122],[1684.6367164991093, 1851.5096134759783]]
[4,2,[125.12192900429478, 199.5866300018257],[14.080478804592003, 23.871431734939176],[107, 15],[1684.6367164991093, 1851.5096134759783]]
[4,3,[119.78398851521978, 148.90906461266792, 204.27033500666641],[9.20054431138128, 10.09769061653691, 22.20308493525677],[86, 23, 13],[1684.6367164991093, 1851.5096134759783]]
[4,4,[119.62317341693468, 146.36712104636788, 186.92059694761753, 234.41822090089818],[9.133554046510536, 8.589070849493062, 10.528685596545543, 13.328748506173875],[85, 22, 11, 4],[1684.6367164991093, 1851.5096134759783]]
[4,5,[112.09575138854828, 127.62854779572103, 153.91597582987154, 190.87127460923008, 234.41822090089818],[8.078988247916154, 4.951521844269697, 7.89641397066798, 7.044975593458371, 13.328748506173875],[39, 54, 16, 9, 4],[1684.6367164991093, 1851.5096134759783]]
