
 snippet:0: 4->54
[0,1,[133.70681169028268],[83.09927317776994],[275],[133.74232086799765, 207.4566643825424]]
[0,2,[99.90043411029065, 297.70370718471213],[25.85301347503877, 68.72401017341471],[228, 47],[133.74232086799765, 207.4566643825424]]
[0,3,[98.76246983368625, 256.751082445945, 378.9127524424508],[24.046480676889892, 37.21450425512548, 64.0877727411221],[225, 36, 14],[133.74232086799765, 207.4566643825424]]
[0,4,[87.92186060175092, 131.9720986654132, 264.9756781944549, 383.3000906976926],[14.901061436875702, 21.373391196121503, 32.6823122792846, 64.4492206081971],[168, 60, 34, 13],[133.74232086799765, 207.4566643825424]]
[0,5,[88.18121293973638, 131.65884509759331, 247.1441116963454, 331.08755096905907, 527.8081087175728],[14.901061436875702, 19.943204228906836, 27.078112169186088, 29.43717297397837, 37.39584861917612],[168, 59, 25, 21, 2],[133.74232086799765, 207.4566643825424]]

 snippet:1: 54->104
[1,1,[74.13568007081595],[21.461048438620878],[392],[207.4566643825424, 357.60741404936704]]
[1,2,[67.23280761066907, 122.4557872918441],[8.961557455844604, 21.30882251976365],[343, 49],[207.4566643825424, 357.60741404936704]]
[1,3,[65.94183577170509, 96.61030498910915, 135.74825460520123],[7.462731896872729, 9.686178049346982, 18.921117780216598],[323, 41, 28],[207.4566643825424, 357.60741404936704]]
[1,4,[60.33823310381065, 72.75661192596374, 111.43255595091046, 156.57782853106949],[6.1351069211123574, 5.277622401557235, 12.244068465507011, 16.73309979597913],[161, 177, 44, 10],[207.4566643825424, 357.60741404936704]]
[1,5,[59.053517000115846, 70.64033471048634, 94.18440456012877, 124.03731792866412, 167.44829781057797],[6.156771101839108, 3.8094950333375053, 7.354292576369004, 9.145686129418888, 12.874409933370114],[132, 192, 34, 28, 6],[207.4566643825424, 357.60741404936704]]

 snippet:2: 104->154
[2,1,[80.08596607452795],[19.151194207475992],[318],[357.60741404936704, 491.39726802512484]]
[2,2,[73.15610964020084, 116.36580270129926],[8.833575013860472, 17.628003925520012],[267, 51],[357.60741404936704, 491.39726802512484]]
[2,3,[72.04376793549092, 101.42356700302223, 140.68839838230048],[7.885743882002614, 9.167007040161677, 10.504358925238865],[251, 52, 15],[357.60741404936704, 491.39726802512484]]
[2,4,[66.19347772442653, 78.98365903317917, 104.89679387855227, 140.68839838230048],[6.56901923110758, 4.739928383591028, 7.5241685215128085, 10.504358925238865],[126, 137, 40, 15],[357.60741404936704, 491.39726802512484]]
[2,5,[63.11665326852541, 73.98462751963451, 84.58988486937145, 106.55391200437549, 140.68839838230048],[6.853822176976044, 2.9392041117163883, 4.367890080828949, 6.526041762422071, 10.504358925238865],[76, 133, 59, 35, 15],[357.60741404936704, 491.39726802512484]]

 snippet:3: 154->204
[3,1,[81.19044328943923],[26.613777827931546],[349],[491.39726802512484, 615.4903680177985]]
[3,2,[74.5567481229609, 157.24102001942282],[10.739259142345986, 34.89966287399328],[321, 28],[491.39726802512484, 615.4903680177985]]
[3,3,[73.87770407932547, 134.47719084899717, 216.4377632091409],[9.630009901839877, 18.364568028272103, 20.15582525436368],[315, 28, 6],[491.39726802512484, 615.4903680177985]]
[3,4,[70.78885960484192, 90.29679854542569, 141.09645369495428, 216.4377632091409],[7.013242449342387, 9.197598322813516, 14.933666158713466, 20.15582525436368],[259, 62, 22, 6],[491.39726802512484, 615.4903680177985]]
[3,5,[64.21400065833849, 75.82786843653099, 97.54185921736612, 142.1574402179218, 216.4377632091409],[7.242438501016786, 3.901322380120215, 8.717492675446767, 14.452296866376576, 20.15582525436368],[96, 192, 34, 21, 6],[491.39726802512484, 615.4903680177985]]

 snippet:4: 204->234
[4,1,[79.14917890912099],[17.850431574598378],[162],[615.4903680177985, 684.128175623552]]
[4,2,[72.75675975760971, 109.7414705627821],[9.910910609636012, 15.556945333060769],[134, 28],[615.4903680177985, 684.128175623552]]
[4,3,[63.43570487835492, 79.35000312574033, 112.47541919956153],[8.846055313373746, 5.427405029918966, 15.163889731969839],[52, 86, 24],[615.4903680177985, 684.128175623552]]
[4,4,[59.81960439608268, 77.01621906647323, 102.66126648056888, 133.74760286280932],[9.036691407187702, 5.093738116198046, 7.429929582234274, 14.432762644328601],[34, 99, 23, 6],[615.4903680177985, 684.128175623552]]
[4,5,[53.216944520822665, 69.46655151512269, 79.92747116291466, 103.19434357186559, 133.74760286280932],[9.278748561333767, 3.3253925704562515, 4.079000217981816, 7.153822922636942, 14.432762644328601],[16, 51, 67, 22, 6],[615.4903680177985, 684.128175623552]]
