
 snippet:0: 3->53
[0,1,[120.5774848373429],[88.53365873046181],[577],[59.05513308129378, 77.32685970432125]]
[0,2,[83.36551749672017, 236.73198289342952],[22.732536892763488, 113.47844493706779],[437, 140],[59.05513308129378, 77.32685970432125]]
[0,3,[80.70517583792403, 206.86877263582477, 576.2911273238428],[18.49657672030232, 44.09986925161898, 226.01799102289255],[421, 147, 9],[59.05513308129378, 77.32685970432125]]
[0,4,[80.5555199386817, 204.24757217671305, 472.3866600129767, 1195.8782389706544],[18.262224394983264, 40.365291495148355, 74.7528936909855, 0.0],[420, 146, 10, 1],[59.05513308129378, 77.32685970432125]]
[0,5,[77.3082658867765, 168.94211542073978, 252.85329621025096, 498.84273836799144, 1195.8782389706544],[13.545590858145419, 25.916115570946342, 37.942418562412534, 59.03704119081267, 0.0],[394, 120, 54, 8, 1],[59.05513308129378, 77.32685970432125]]

 snippet:1: 53->103
[1,1,[74.1525666454718],[29.61132039588775],[270],[77.32685970432125, 93.19657994853242]]
[1,2,[61.12480739075368, 110.66699047207608],[14.509561771257546, 30.58351011080865],[199, 71],[77.32685970432125, 93.19657994853242]]
[1,3,[53.934912585889336, 90.27620258333424, 160.5614331176478],[10.257136069475504, 12.793514376897447, 45.57997028238142],[143, 115, 12],[77.32685970432125, 93.19657994853242]]
[1,4,[50.69120044216593, 79.77710528738794, 116.3106878895222, 254.78458742937784],[8.360093040413657, 8.449666187756563, 15.875629689880848, 34.97974800754619],[117, 109, 42, 2],[77.32685970432125, 93.19657994853242]]
[1,5,[49.94903823493382, 76.61631268627086, 103.02704338248039, 139.99950731123488, 254.78458742937784],[7.932133120598122, 7.184096190113526, 7.911375383303868, 11.679170352797653, 34.97974800754619],[111, 99, 47, 11, 2],[77.32685970432125, 93.19657994853242]]

 snippet:2: 103->153
[2,1,[48.91977986110981],[13.429573007657803],[606],[93.19657994853242, 131.68889061275627]]
[2,2,[45.97562152459023, 85.62362045638729],[6.0923981351418375, 22.600807792773207],[561, 45],[93.19657994853242, 131.68889061275627]]
[2,3,[45.69924024706509, 75.60715313546466, 142.93109516296892],[5.740023474456665, 10.454013834990509, 13.692556395225218],[552, 49, 5],[93.19657994853242, 131.68889061275627]]
[2,4,[41.729226584830045, 50.83829703655319, 78.12475574430687, 142.93109516296892],[4.147116226061061, 3.8001799623483783, 9.575896860658638, 13.692556395225218],[302, 258, 41, 5],[93.19657994853242, 131.68889061275627]]
[2,5,[37.87063194791975, 45.311330050588325, 53.14266579353604, 78.46018611806457, 142.93109516296892],[4.379940655908271, 2.112196548065154, 3.560766075150176, 9.453951065132106, 13.692556395225218],[113, 295, 153, 40, 5],[93.19657994853242, 131.68889061275627]]

 snippet:3: 153->203
[3,1,[60.03070727304561],[18.41690179356503],[535],[131.68889061275627, 169.77558542409292]]
[3,2,[55.0036209441882, 100.58821731603084],[6.550503058826777, 29.67585406855228],[476, 59],[131.68889061275627, 169.77558542409292]]
[3,3,[54.823935831256584, 94.67939369035366, 232.04383180735948],[6.278920458915648, 15.757031485307595, 35.37705703135275],[472, 61, 2],[131.68889061275627, 169.77558542409292]]
[3,4,[53.44287053020464, 72.97117429629552, 103.45146695351714, 232.04383180735948],[4.738665490155564, 7.5482491042830695, 14.980779285977496, 35.37705703135275],[427, 70, 36, 2],[131.68889061275627, 169.77558542409292]]
[3,5,[51.618032379322585, 62.33235196358663, 91.37418119360996, 132.76643779127642, 232.04383180735948],[3.791944612507918, 4.889312504691389, 8.960821398505335, 10.227646386867436, 35.37705703135275],[329, 146, 52, 6, 2],[131.68889061275627, 169.77558542409292]]

 snippet:4: 203->234
[4,1,[65.92667980990807],[23.73115306270474],[260],[169.77558542409292, 191.91967589265275]]
[4,2,[63.2149683074119, 180.72246674891232],[13.378355029756646, 57.77307733785928],[254, 6],[169.77558542409292, 191.91967589265275]]
[4,3,[59.72426544396312, 106.85666464927894, 305.5124236354902],[7.722920721727506, 24.825956093525733, 0.0],[230, 29, 1],[169.77558542409292, 191.91967589265275]]
[4,4,[59.3576379419259, 94.34913482883462, 155.76447537159675, 305.5124236354902],[7.274453559569421, 10.346759941166232, 16.366617138632186, 0.0],[226, 28, 5, 1],[169.77558542409292, 191.91967589265275]]
[4,5,[52.98560055213919, 64.2027770911651, 95.53848248094003, 155.76447537159675, 305.5124236354902],[5.684090717728346, 4.4833897121069, 9.77171459024751, 16.366617138632186, 0.0],[95, 133, 26, 5, 1],[169.77558542409292, 191.91967589265275]]
