
 snippet:0: 15->65
[0,1,[167.49857042588255],[184.00308932016475],[549],[28.737566289672085, 32.25279805223268]]
[0,2,[142.58319429317515, 1282.4616523645382],[65.13578339319706, 296.95474172458034],[537, 12],[28.737566289672085, 32.25279805223268]]
[0,3,[128.93690826348018, 321.78047663048574, 1282.4616523645382],[40.13001677159099, 65.20162789603832, 296.95474172458034],[499, 38, 12],[28.737566289672085, 32.25279805223268]]
[0,4,[129.13170093948696, 324.36013150517806, 1176.847254348601, 1810.5336424442248],[40.32532155758108, 64.13482250864764, 196.4241480420956, 39.35035041640106],[500, 37, 10, 2],[28.737566289672085, 32.25279805223268]]
[0,5,[83.34723316164414, 156.44624977876737, 348.4174277816961, 1176.847254348601, 1810.5336424442248],[23.624241716494577, 23.871476332187015, 50.600726173216515, 196.4241480420956, 39.35035041640106],[178, 330, 29, 10, 2],[28.737566289672085, 32.25279805223268]]

 snippet:1: 65->115
[1,1,[43.00317261652178],[18.941792836684222],[582],[32.25279805223268, 45.1722967414597]]
[1,2,[38.92346783311119, 91.68764969855476],[9.309473232294527, 32.20801017678302],[537, 45],[32.25279805223268, 45.1722967414597]]
[1,3,[37.05401654377909, 70.13650037678022, 183.11220176006543],[7.271534797665432, 15.65770195593969, 19.842610549270308],[491, 87, 4],[32.25279805223268, 45.1722967414597]]
[1,4,[34.66665381367267, 52.11579538949692, 87.02911625900467, 183.11220176006543],[5.7770194922654285, 7.215204473417597, 13.412898618682139, 19.842610549270308],[398, 148, 32, 4],[32.25279805223268, 45.1722967414597]]
[1,5,[30.345587639213953, 41.44497297308814, 60.792821744077045, 93.49682589033901, 183.11220176006543],[4.696158907120596, 3.9742696019944805, 6.727670483701123, 11.185805595699263, 19.842610549270308],[206, 274, 76, 22, 4],[32.25279805223268, 45.1722967414597]]

 snippet:2: 115->165
[2,1,[44.445076368134146],[10.603513464986332],[811],[45.1722967414597, 69.40150620376772]]
[2,2,[39.31896368800155, 56.28744280468536],[5.960265812942605, 9.442707272902455],[566, 245],[45.1722967414597, 69.40150620376772]]
[2,3,[35.727071870963954, 47.69007715626395, 67.79687108840324],[4.980712130302735, 3.9349314897791863, 9.994637677459114],[341, 398, 72],[45.1722967414597, 69.40150620376772]]
[2,4,[33.22432501975266, 42.914652045182414, 52.45357964732576, 72.90536814446504],[4.768888526607841, 2.727674265558206, 3.6293906915249163, 9.459656192486733],[212, 350, 204, 45],[45.1722967414597, 69.40150620376772]]
[2,5,[29.81585213309884, 38.29374137760455, 46.2068619314699, 55.855781676942556, 76.51760574196061],[5.095709323278554, 2.2421466628749305, 2.4376925368997817, 3.9727977061966113, 8.967832958609275],[98, 255, 299, 127, 32],[45.1722967414597, 69.40150620376772]]

 snippet:3: 165->215
[3,1,[57.08657117331576],[12.19805062567845],[379],[69.40150620376772, 83.83572659362032]]
[3,2,[53.55075504350087, 82.0629744732848],[6.59335284245848, 13.439615734855428],[332, 47],[69.40150620376772, 83.83572659362032]]
[3,3,[45.0936285813761, 57.05109571007275, 84.68339763374202],[5.0354161811307225, 4.33738020492054, 13.311474376178536],[89, 251, 39],[69.40150620376772, 83.83572659362032]]
[3,4,[44.38953210324978, 55.91315531009242, 72.46864590127944, 100.29644667289423],[4.913463900145778, 3.3262479260545397, 5.6664068796972185, 11.966151228537832],[79, 240, 47, 13],[69.40150620376772, 83.83572659362032]]
[3,5,[42.81856827247887, 53.35589367705983, 61.16564877501688, 79.53953856170071, 111.48756432403727],[4.743358803964964, 2.3279457621213195, 3.3124563539717635, 6.564659670592615, 8.493716341496873],[59, 178, 102, 34, 6],[69.40150620376772, 83.83572659362032]]

 snippet:4: 215->234
[4,1,[57.920954245316025],[11.20952712895693],[141],[83.83572659362032, 89.25766975213575]]
[4,2,[52.82782263141507, 74.58938498171918],[6.0615281124852, 7.342008364082784],[108, 33],[83.83572659362032, 89.25766975213575]]
[4,3,[46.70590928395117, 58.30746525875257, 76.48431999657154],[3.0520681639614384, 3.4828181906827025, 6.779383715872472],[47, 67, 27],[83.83572659362032, 89.25766975213575]]
[4,4,[46.70590928395117, 57.6518120988166, 71.62781510862331, 86.65272634309174],[3.0520681639614384, 2.709236690156058, 3.5800138424271175, 4.004771536156468],[47, 62, 25, 7],[83.83572659362032, 89.25766975213575]]
[4,5,[44.87378591013047, 52.3345411053214, 58.921397039615194, 71.62781510862331, 86.65272634309174],[1.9167495261715042, 2.2283762703261085, 1.9953277687985818, 3.5800138424271175, 4.004771536156468],[31, 33, 45, 25, 7],[83.83572659362032, 89.25766975213575]]
