
 snippet:0: 16->66
[0,1,[225.27841082130738],[370.04928415622453],[252],[12.417549071279128, 13.816289988969784]]
[0,2,[99.19895398201781, 1158.26639143205],[105.19704804229335, 283.3331624370401],[222, 30],[12.417549071279128, 13.816289988969784]]
[0,3,[68.1887714068261, 441.04947147827556, 1248.962780627632],[42.41293281269866, 148.72642766381765, 215.43218295295378],[200, 27, 25],[12.417549071279128, 13.816289988969784]]
[0,4,[64.02914207744067, 353.2031510706304, 873.7940761278794, 1375.8040443117104],[33.9000884696357, 96.1210187437589, 151.0762566537315, 122.50204691286538],[195, 27, 13, 17],[12.417549071279128, 13.816289988969784]]
[0,5,[63.317737853253504, 318.3645674922365, 624.6332497704229, 1034.3566852995045, 1417.5818555283038],[32.503093358436196, 71.71851530138112, 99.38305960270985, 112.57055983043729, 91.11028027070813],[194, 24, 9, 11, 14],[12.417549071279128, 13.816289988969784]]

 snippet:1: 66->116
[1,1,[32.29580112776079],[9.522993740436226],[667],[13.816289988969784, 18.74103684031335]]
[1,2,[25.393885934027367, 40.94651240098747],[4.936741585540326, 6.266191790982196],[371, 296],[13.816289988969784, 18.74103684031335]]
[1,3,[23.659893582915437, 35.12397294523239, 47.12226503695381],[4.2269992661395115, 3.2777400487593606, 5.322167043524273],[286, 264, 117],[13.816289988969784, 18.74103684031335]]
[1,4,[20.328615098760686, 28.514644906641998, 37.58964136016743, 48.70395018610367],[3.482790962214541, 2.47417390177152, 2.7798758477658523, 5.167464425843459],[142, 228, 208, 89],[13.816289988969784, 18.74103684031335]]
[1,5,[18.800039837477698, 26.22729990711153, 33.41545499110797, 40.57863405560974, 50.46243504776401],[3.2582539017845416, 2.011832984982711, 2.0234566195930306, 2.295358826964761, 5.093534403840383],[96, 198, 171, 138, 64],[13.816289988969784, 18.74103684031335]]

 snippet:2: 116->166
[2,1,[32.723497472952765],[7.285156627476386],[1059],[18.74103684031335, 30.384113142486004]]
[2,2,[28.994330119660752, 39.81402389263675],[4.632588816874208, 6.0481440334253405],[697, 362],[18.74103684031335, 30.384113142486004]]
[2,3,[24.474942217087147, 33.11305804249096, 44.202435491999566],[4.329484273618241, 2.4226830705775555, 6.402729204519918],[266, 623, 170],[18.74103684031335, 30.384113142486004]]
[2,4,[23.03378034007727, 31.794957205868947, 39.49503453404082, 55.646236866939034],[4.322026247188036, 2.242278470378562, 2.986171277143397, 6.509495172756314],[191, 588, 249, 31],[18.74103684031335, 30.384113142486004]]
[2,5,[18.82417729886179, 28.051109700862128, 33.95158544788253, 41.734048463733835, 58.52812544823958],[4.181960404820037, 1.9993421007195578, 1.7681591988995171, 2.8322591788362903, 5.563257585981596],[74, 334, 467, 162, 22],[18.74103684031335, 30.384113142486004]]

 snippet:3: 166->216
[3,1,[45.32689358601152],[8.186062792892464],[608],[30.384113142486004, 40.00703236484944]]
[3,2,[41.73383220795032, 54.97371898286676],[4.383877640827282, 8.222308582057174],[443, 165],[30.384113142486004, 40.00703236484944]]
[3,3,[39.78723473075027, 49.10044507676918, 69.12352675171319],[3.7021660942041166, 3.2473145847962424, 9.427850208407504],[311, 266, 31],[30.384113142486004, 40.00703236484944]]
[3,4,[36.47832751542688, 43.24263589893112, 50.53982345141617, 69.12352675171319],[3.3175127503185196, 1.9290673857109653, 2.7373494420890947, 9.427850208407504],[133, 257, 187, 31],[30.384113142486004, 40.00703236484944]]
[3,5,[36.27006621125619, 43.136666827056786, 50.45415812159372, 65.48120063982981, 90.20056091700768],[3.3162355260322345, 1.977109933266087, 2.6244851819724153, 4.50503150830275, 7.622580028666206],[127, 263, 185, 29, 4],[30.384113142486004, 40.00703236484944]]

 snippet:4: 216->234
[4,1,[51.24165350824455],[10.72705929411979],[163],[40.00703236484944, 42.592833427005246]]
[4,2,[43.08322173589821, 58.91446434176075],[6.022097272729741, 8.228796626115393],[79, 84],[40.00703236484944, 42.592833427005246]]
[4,3,[41.22612698275517, 54.44473603454333, 73.39358272603508],[5.627752633789007, 3.7941748426442006, 8.943544689141241],[61, 87, 15],[40.00703236484944, 42.592833427005246]]
[4,4,[38.28957377330524, 48.553763204772274, 58.01010199250178, 79.86886335058368],[5.432810353990766, 2.671520792589413, 3.76242414030345, 7.66597183557039],[37, 58, 60, 8],[40.00703236484944, 42.592833427005246]]
[4,5,[38.28957377330524, 48.47902939348453, 56.6297915151761, 67.66829287642929, 86.98341265505303],[5.432810353990766, 2.5999564260547228, 2.295406607103848, 3.745869378302493, 3.6744617666577746],[37, 56, 53, 13, 4],[40.00703236484944, 42.592833427005246]]
